[LEFT_CAM_2K]
fx=1398.82
fy=1398.73
cx=1132.6
cy=620.266
k1=-0.170704
k2=0.0249542
p1=9.55189e-05
p2=-0.000109509
k3=-9.96888e-11

[RIGHT_CAM_2K]
fx=1395.27
fy=1395.26
cx=1170.33
cy=613.222
k1=-0.171533
k2=0.0258402
p1=7.86599e-05
p2=-0.000136126
k3=-2.87251e-10

[LEFT_CAM_FHD]
fx=1398.82
fy=1398.73
cx=988.6
cy=539.266
k1=-0.170704
k2=0.0249542
p1=9.55189e-05
p2=-0.000109509
k3=-9.96888e-11

[RIGHT_CAM_FHD]
fx=1395.27
fy=1395.26
cx=1026.33
cy=532.222
k1=-0.171533
k2=0.0258402
p1=7.86599e-05
p2=-0.000136126
k3=-2.87251e-10

[LEFT_CAM_HD]
fx=699.41
fy=699.365
cx=652.8
cy=358.133
k1=-0.170704
k2=0.0249542
p1=9.55189e-05
p2=-0.000109509
k3=-9.96888e-11

[RIGHT_CAM_HD]
fx=697.635
fy=697.63
cx=671.665
cy=354.611
k1=-0.171533
k2=0.0258402
p1=7.86599e-05
p2=-0.000136126
k3=-2.87251e-10

[LEFT_CAM_VGA]
fx=349.705
fy=349.6825
cx=341.9
cy=186.5665
k1=-0.170704
k2=0.0249542
p1=9.55189e-05
p2=-0.000109509
k3=-9.96888e-11

[RIGHT_CAM_VGA]
fx=348.8175
fy=348.815
cx=351.3325
cy=184.8055
k1=-0.171533
k2=0.0258402
p1=7.86599e-05
p2=-0.000136126
k3=-2.87251e-10

[STEREO]
Baseline=119.905
TY=0.0458908
TZ=-0.467919
CV_2K=0.00697667
CV_FHD=0.00697667
CV_HD=0.00697667
CV_VGA=0.00697667
RX_2K=0.00239722
RX_FHD=0.00239722
RX_HD=0.00239722
RX_VGA=0.00239722
RZ_2K=-0.0021326
RZ_FHD=-0.0021326
RZ_HD=-0.0021326
RZ_VGA=-0.0021326

[MISC]
Sensor_ID=0
